frame_1.jpg  26 616 468 120 120   894 494 120 120   1060 424 120 120   460 1224 120 120   540 1044 120 120   720 630 120 120   1010 1228 120 120   952 914 120 120   268 418 120 120   170 772 120 120   230 1264 120 120   292 1264 120 120   670 1434 120 120   474 724 120 120   484 360 120 120   378 410 120 120   188 176 120 120   692 192 120 120   998 646 120 120   766 1030 120 120   1050 1054 120 120   1068 282 120 120   1088 110 120 120   902 344 120 120   854 226 120 120   402 118 120 120   
frame_2.jpg  16 458 1228 120 120   394 944 120 120   592 586 120 120   776 916 120 120   890 952 120 120   358 740 120 120   1010 416 120 120   906 618 120 120   700 160 120 120   176 474 120 120   512 358 120 120   568 1018 120 120   128 1198 120 120   1018 1222 120 120   1012 204 120 120   194 182 120 120   
frame_3.jpg  29 474 624 120 120   518 1042 120 120   570 1028 120 120   448 918 120 120   836 506 120 120   666 436 120 120   528 428 120 120   390 432 120 120   104 1192 120 120   624 1192 120 120   450 1208 120 120   970 838 120 120   894 806 120 120   732 730 120 120   938 624 120 120   870 610 120 120   988 418 120 120   1064 412 120 120   1034 300 120 120   610 314 120 120   538 302 120 120   1030 668 120 120   1084 676 120 120   1140 694 120 120   670 1434 120 120   198 182 120 120   1010 1220 120 120   1058 850 120 120   928 1146 120 120   
frame_4.jpg  23 446 922 120 120   476 1232 120 120   632 1200 120 120   792 1104 120 120   874 1010 120 120   432 502 120 120   612 470 120 120   502 338 120 120   554 306 120 120   612 316 120 120   58 890 120 120   926 688 120 120   1014 814 120 120   1004 954 120 120   1120 930 120 120   1110 1118 120 120   892 1140 120 120   952 1158 120 120   686 168 120 120   602 186 120 120   534 150 120 120   1090 560 120 120   570 720 120 120   
frame_5.jpg  32 422 454 120 120   540 434 120 120   634 752 120 120   450 928 120 120   402 940 120 120   354 886 120 120   536 1040 120 120   482 1080 120 120   370 1046 120 120   388 1176 120 120   342 1222 120 120   232 1230 120 120   182 1230 120 120   116 1206 120 120   512 1194 120 120   464 1218 120 120   628 1208 120 120   606 310 120 120   546 314 120 120   582 560 120 120   508 570 120 120   792 642 120 120   734 632 120 120   732 258 120 120   696 164 120 120   538 140 120 120   1008 812 120 120   1020 948 120 120   904 1128 120 120   1072 398 120 120   1028 530 120 120   882 1002 120 120   
frame_6.jpg  31 402 918 120 120   460 922 120 120   266 836 120 120   298 1156 120 120   624 1204 120 120   890 1132 120 120   880 990 120 120   544 442 120 120   370 336 120 120   564 312 120 120   618 310 120 120   598 202 120 120   680 188 120 120   676 422 120 120   708 746 120 120   274 486 120 120   330 444 120 120   198 184 120 120   178 1244 120 120   828 1368 120 120   890 866 120 120   946 860 120 120   1016 806 120 120   1076 814 120 120   928 578 120 120   1072 614 120 120   1068 398 120 120   1004 324 120 120   412 680 120 120   440 772 120 120   510 808 120 120   
frame_7.jpg  28 482 886 120 120   768 838 120 120   710 744 120 120   456 596 120 120   438 476 120 120   394 394 120 120   342 384 120 120   152 804 120 120   892 870 120 120   844 1008 120 120   616 1186 120 120   664 1228 120 120   504 1186 120 120   346 1234 120 120   834 1324 120 120   568 1024 120 120   508 1018 120 120   564 390 120 120   672 330 120 120   546 140 120 120   710 176 120 120   890 356 120 120   1110 642 120 120   990 776 120 120   1014 306 120 120   1116 364 120 120   854 222 120 120   276 974 120 120   
frame_8.jpg  20 510 1038 120 120   714 740 120 120   532 544 120 120   340 936 120 120   392 882 120 120   246 762 120 120   544 766 120 120   1030 870 120 120   626 1190 120 120   524 1194 120 120   476 1224 120 120   444 1386 120 120   242 1130 120 120   466 202 120 120   736 162 120 120   780 162 120 120   736 334 120 120   674 336 120 120   1012 306 120 120   922 206 120 120   
frame_9.jpg  17 474 888 120 120   504 410 120 120   582 394 120 120   348 440 120 120   412 452 120 120   174 862 120 120   112 862 120 120   862 536 120 120   946 296 120 120   942 126 120 120   878 884 120 120   608 1186 120 120   854 1072 120 120   1026 962 120 120   1060 862 120 120   944 780 120 120   1102 640 120 120   
frame_10.jpg  21 706 770 120 120   470 882 120 120   610 1170 120 120   474 1076 120 120   308 1068 120 120   172 1060 120 120   112 1072 120 120   734 1278 120 120   864 1018 120 120   574 390 120 120   418 470 120 120   178 498 120 120   958 806 120 120   1052 508 120 120   858 540 120 120   558 548 120 120   166 858 120 120   576 1448 120 120   950 1244 120 120   886 1230 120 120   856 1158 120 120   
frame_11.jpg  18 294 1062 120 120   246 1078 120 120   482 1066 120 120   522 1048 120 120   598 1300 120 120   578 1182 120 120   616 550 120 120   578 396 120 120   538 398 120 120   728 640 120 120   862 536 120 120   810 560 120 120   788 216 120 120   304 492 120 120   786 1074 120 120   946 1086 120 120   888 1246 120 120   1108 1156 120 120   
frame_12.jpg  25 516 904 120 120   648 650 120 120   730 646 120 120   798 654 120 120   860 688 120 120   696 788 120 120   758 792 120 120   730 1038 120 120   606 1026 120 120   544 1026 120 120   524 1218 120 120   468 1218 120 120   460 1362 120 120   834 1022 120 120   876 874 120 120   870 292 120 120   922 230 120 120   984 302 120 120   968 454 120 120   452 500 120 120   390 500 120 120   218 248 120 120   970 572 120 120   1002 866 120 120   1026 1052 120 120   
frame_13.jpg  21 512 900 120 120   718 642 120 120   602 1018 120 120   538 1024 120 120   522 1212 120 120   456 1222 120 120   872 1140 120 120   876 868 120 120   864 688 120 120   812 652 120 120   456 508 120 120   390 494 120 120   572 400 120 120   650 344 120 120   972 568 120 120   1074 662 120 120   924 244 120 120   870 318 120 120   730 1268 120 120   1004 862 120 120   222 254 120 120   
frame_14.jpg  22 726 646 120 120   796 650 120 120   468 884 120 120   604 932 120 120   778 882 120 120   872 878 120 120   936 856 120 120   430 518 120 120   516 1206 120 120   468 1212 120 120   872 1144 120 120   722 1268 120 120   794 492 120 120   210 498 120 120   204 1306 120 120   1062 1144 120 120   208 266 120 120   146 1082 120 120   172 996 120 120   284 1056 120 120   400 1094 120 120   362 854 120 120   
frame_15.jpg  20 416 1192 120 120   466 1224 120 120   516 1206 120 120   574 1174 120 120   606 1160 120 120   478 880 120 120   312 842 120 120   586 204 120 120   666 182 120 120   752 224 120 120   802 790 120 120   852 794 120 120   326 624 120 120   712 1426 120 120   882 476 120 120   204 272 120 120   1076 874 120 120   180 1328 120 120   158 1094 120 120   166 784 120 120   
frame_16.jpg  24 436 780 120 120   726 648 120 120   660 646 120 120   606 656 120 120   842 1024 120 120   702 786 120 120   596 1156 120 120   316 1204 120 120   192 1330 120 120   206 260 120 120   828 446 120 120   894 446 120 120   950 454 120 120   476 888 120 120   370 860 120 120   316 856 120 120   522 238 120 120   588 216 120 120   672 188 120 120   376 662 120 120   314 632 120 120   748 1270 120 120   696 1446 120 120   880 886 120 120   
frame_17.jpg  14 618 654 120 120   674 630 120 120   726 642 120 120   466 884 120 120   492 1198 120 120   840 1018 120 120   142 1098 120 120   162 788 120 120   732 1280 120 120   186 1340 120 120   976 736 120 120   814 446 120 120   886 430 120 120   922 210 120 120   
frame_18.jpg  30 718 652 120 120   252 1092 120 120   142 1100 120 120   326 1012 120 120   360 1098 120 120   426 1200 120 120   376 1256 120 120   306 1218 120 120   234 1256 120 120   492 1206 120 120   590 1170 120 120   614 1046 120 120   856 1022 120 120   942 1036 120 120   992 1014 120 120   812 1256 120 120   714 1274 120 120   334 1396 120 120   448 790 120 120   554 758 120 120   424 532 120 120   126 458 120 120   922 454 120 120   580 398 120 120   668 184 120 120   526 200 120 120   566 216 120 120   390 206 120 120   204 260 120 120   980 758 120 120   
frame_19.jpg  14 728 642 120 120   440 768 120 120   510 1194 120 120   626 1438 120 120   212 1352 120 120   206 264 120 120   1030 484 120 120   758 1186 120 120   734 1280 120 120   908 812 120 120   416 536 120 120   352 500 120 120   654 180 120 120   650 336 120 120   
frame_20.jpg  26 726 646 120 120   774 638 120 120   604 652 120 120   498 670 120 120   370 864 120 120   486 830 120 120   966 818 120 120   904 814 120 120   976 998 120 120   462 1170 120 120   500 1196 120 120   864 376 120 120   934 224 120 120   652 342 120 120   1058 552 120 120   418 534 120 120   350 502 120 120   308 468 120 120   684 1222 120 120   206 1354 120 120   322 1390 120 120   116 1034 120 120   202 282 120 120   174 574 120 120   208 708 120 120   654 178 120 120   
frame_21.jpg  21 768 640 120 120   730 646 120 120   620 658 120 120   618 810 120 120   498 1194 120 120   776 1010 120 120   260 1076 120 120   282 1220 120 120   234 1258 120 120   340 1248 120 120   938 1246 120 120   984 1278 120 120   734 1278 120 120   386 760 120 120   416 530 120 120   352 486 120 120   314 488 120 120   206 270 120 120   660 176 120 120   790 396 120 120   1078 904 120 120   
frame_22.jpg  29 224 258 120 120   414 538 120 120   398 780 120 120   678 940 120 120   824 906 120 120   722 772 120 120   726 642 120 120   774 646 120 120   498 1204 120 120   160 1104 120 120   244 1082 120 120   746 1260 120 120   974 1144 120 120   150 726 120 120   210 1362 120 120   956 1378 120 120   1116 1344 120 120   338 1240 120 120   284 1200 120 120   330 624 120 120   602 490 120 120   728 428 120 120   656 348 120 120   656 178 120 120   540 162 120 120   174 366 120 120   940 484 120 120   960 720 120 120   1024 242 120 120   
frame_23.jpg  14 734 652 120 120   484 896 120 120   742 1098 120 120   218 274 120 120   828 398 120 120   400 764 120 120   490 1200 120 120   752 1272 120 120   1030 466 120 120   346 1234 120 120   568 1310 120 120   506 782 120 120   1000 1004 120 120   578 140 120 120   
frame_24.jpg  14 724 650 120 120   744 1262 120 120   492 1202 120 120   584 1006 120 120   398 770 120 120   508 778 120 120   342 1226 120 120   578 130 120 120   812 400 120 120   990 1008 120 120   774 1002 120 120   206 270 120 120   818 574 120 120   592 1168 120 120   
frame_25.jpg  21 728 650 120 120   584 932 120 120   894 846 120 120   930 1112 120 120   502 1202 120 120   516 416 120 120   606 470 120 120   1032 494 120 120   862 380 120 120   794 388 120 120   484 886 120 120   310 1354 120 120   646 1484 120 120   738 1274 120 120   110 866 120 120   324 438 120 120   244 1150 120 120   638 1042 120 120   208 264 120 120   828 546 120 120   914 558 120 120   
frame_26.jpg  15 484 880 120 120   732 644 120 120   774 642 120 120   512 1066 120 120   268 1210 120 120   342 1222 120 120   186 746 120 120   212 270 120 120   518 410 120 120   606 452 120 120   980 832 120 120   678 1202 120 120   630 1352 120 120   976 472 120 120   1034 482 120 120   
frame_27.jpg  33 486 884 120 120   750 786 120 120   668 620 120 120   614 642 120 120   504 1200 120 120   600 1168 120 120   646 1212 120 120   692 1228 120 120   748 1272 120 120   762 1472 120 120   700 1490 120 120   664 1500 120 120   264 1050 120 120   218 1048 120 120   288 1168 120 120   402 1160 120 120   320 1332 120 120   388 1384 120 120   316 680 120 120   196 752 120 120   1006 752 120 120   986 898 120 120   1100 918 120 120   880 396 120 120   210 276 120 120   850 536 120 120   596 934 120 120   772 1006 120 120   316 382 120 120   530 396 120 120   864 854 120 120   322 848 120 120   372 854 120 120   
frame_28.jpg  31 670 624 120 120   734 648 120 120   716 790 120 120   392 1108 120 120   280 760 120 120   416 706 120 120   472 588 120 120   504 1198 120 120   396 1374 120 120   664 1488 120 120   714 1480 120 120   492 882 120 120   768 1022 120 120   838 556 120 120   986 614 120 120   268 372 120 120   1046 920 120 120   846 832 120 120   916 830 120 120   240 1060 120 120   296 1284 120 120   596 354 120 120   884 382 120 120   400 318 120 120   474 336 120 120   366 516 120 120   878 1116 120 120   936 1118 120 120   536 508 120 120   176 130 120 120   906 242 120 120   
frame_29.jpg  18 488 898 120 120   500 1214 120 120   850 1258 120 120   742 1284 120 120   1026 926 120 120   1082 954 120 120   186 840 120 120   948 490 120 120   846 566 120 120   594 382 120 120   450 594 120 120   232 1180 120 120   208 142 120 120   574 520 120 120   324 1110 120 120   596 1168 120 120   854 862 120 120   430 86 120 120   
frame_30.jpg  20 600 1172 120 120   1022 918 120 120   572 520 120 120   184 848 120 120   126 856 120 120   244 878 120 120   326 1104 120 120   230 1172 120 120   336 1346 120 120   748 1286 120 120   496 898 120 120   720 790 120 120   762 650 120 120   922 664 120 120   978 702 120 120   852 1248 120 120   214 136 120 120   422 86 120 120   590 374 120 120   654 364 120 120   
frame_31.jpg  24 494 664 120 120   536 586 120 120   734 648 120 120   670 608 120 120   514 1008 120 120   632 1056 120 120   692 1006 120 120   622 936 120 120   492 1212 120 120   748 1290 120 120   844 870 120 120   842 1034 120 120   520 398 120 120   194 580 120 120   1030 812 120 120   274 418 120 120   320 596 120 120   314 854 120 120   366 856 120 120   908 240 120 120   690 792 120 120   1022 930 120 120   850 562 120 120   512 1420 120 120   
frame_32.jpg  20 788 750 120 120   718 770 120 120   164 854 120 120   102 862 120 120   312 848 120 120   270 852 120 120   224 588 120 120   446 586 120 120   1076 968 120 120   912 842 120 120   854 848 120 120   774 910 120 120   692 1258 120 120   752 1282 120 120   750 1478 120 120   842 554 120 120   904 572 120 120   520 428 120 120   908 242 120 120   548 846 120 120   
frame_33.jpg  6 316 844 120 120   770 892 120 120   568 746 120 120   528 414 120 120   384 1210 120 120   734 1290 120 120   
frame_34.jpg  13 550 736 120 120   650 902 120 120   580 1158 120 120   744 1288 120 120   520 416 120 120   238 696 120 120   154 898 120 120   1024 942 120 120   336 508 120 120   136 256 120 120   812 882 120 120   854 560 120 120   444 600 120 120   
frame_35.jpg  14 538 706 120 120   792 868 120 120   580 1172 120 120   258 1196 120 120   332 494 120 120   142 750 120 120   736 1288 120 120   856 548 120 120   522 414 120 120   164 296 120 120   318 858 120 120   206 882 120 120   494 1418 120 120   592 1448 120 120   
frame_36.jpg  18 568 764 120 120   268 1200 120 120   682 1256 120 120   740 1290 120 120   638 902 120 120   196 898 120 120   364 754 120 120   522 416 120 120   940 512 120 120   318 312 120 120   174 574 120 120   808 740 120 120   292 1022 120 120   142 748 120 120   486 1412 120 120   598 1440 120 120   436 590 120 120   578 1162 120 120   
frame_37.jpg  22 268 1202 120 120   734 1284 120 120   618 1248 120 120   684 1260 120 120   606 1452 120 120   610 814 120 120   566 756 120 120   364 750 120 120   200 680 120 120   166 574 120 120   248 392 120 120   522 426 120 120   740 796 120 120   812 734 120 120   292 1024 120 120   186 900 120 120   108 862 120 120   268 878 120 120   320 850 120 120   372 854 120 120   1112 1106 120 120   150 1386 120 120   
frame_38.jpg  8 368 848 120 120   286 658 120 120   226 666 120 120   274 1196 120 120   568 1312 120 120   554 1084 120 120   644 900 120 120   752 1294 120 120   
frame_39.jpg  17 188 898 120 120   254 878 120 120   308 854 120 120   652 910 120 120   520 434 120 120   288 1212 120 120   324 1298 120 120   128 1038 120 120   704 1082 120 120   588 1034 120 120   754 1302 120 120   908 1204 120 120   1014 1094 120 120   800 1454 120 120   246 400 120 120   134 742 120 120   576 568 120 120   
frame_40.jpg  21 620 648 120 120   600 758 120 120   608 966 120 120   650 886 120 120   296 1190 120 120   694 1288 120 120   754 1306 120 120   848 474 120 120   352 636 120 120   264 612 120 120   216 796 120 120   146 856 120 120   310 864 120 120   196 1242 120 120   128 1226 120 120   508 1204 120 120   902 1338 120 120   982 1232 120 120   526 414 120 120   610 374 120 120   234 424 120 120   
frame_41.jpg  18 368 852 120 120   656 888 120 120   624 656 120 120   528 670 120 120   358 626 120 120   264 620 120 120   528 422 120 120   694 1296 120 120   758 1308 120 120   508 1418 120 120   294 1188 120 120   90 1124 120 120   802 1428 120 120   508 1202 120 120   602 1162 120 120   854 474 120 120   1058 838 120 120   988 1246 120 120   
frame_42.jpg  17 590 972 120 120   658 894 120 120   690 1254 120 120   754 1310 120 120   576 1310 120 120   492 1418 120 120   306 1178 120 120   256 1110 120 120   154 1084 120 120   216 798 120 120   232 406 120 120   648 606 120 120   1058 804 120 120   700 416 120 120   606 390 120 120   784 352 120 120   362 862 120 120   
frame_43.jpg  13 600 980 120 120   662 888 120 120   504 1198 120 120   608 1156 120 120   790 514 120 120   364 856 120 120   516 1420 120 120   168 1340 120 120   752 1304 120 120   1042 1122 120 120   1060 790 120 120   236 410 120 120   336 76 120 120   
frame_44.jpg  13 358 690 120 120   500 1204 120 120   566 1096 120 120   806 1448 120 120   284 1510 120 120   364 856 120 120   598 766 120 120   656 888 120 120   848 1090 120 120   758 1304 120 120   236 422 120 120   780 522 120 120   944 520 120 120   
frame_45.jpg  24 596 1158 120 120   560 1094 120 120   498 1200 120 120   444 1206 120 120   578 1306 120 120   498 1414 120 120   386 1338 120 120   324 1308 120 120   182 1210 120 120   132 1226 120 120   118 1072 120 120   170 1074 120 120   194 910 120 120   102 836 120 120   366 856 120 120   306 856 120 120   646 892 120 120   584 896 120 120   912 1048 120 120   848 1052 120 120   746 1302 120 120   530 408 120 120   260 552 120 120   940 510 120 120   
frame_46.jpg  16 588 770 120 120   638 752 120 120   702 684 120 120   748 646 120 120   812 630 120 120   318 1304 120 120   498 1194 120 120   430 1220 120 120   276 546 120 120   808 888 120 120   650 912 120 120   704 1226 120 120   236 1464 120 120   896 1042 120 120   942 516 120 120   1062 786 120 120   
frame_47.jpg  6 204 138 120 120   242 362 120 120   498 284 120 120   558 142 120 120   620 128 120 120   804 350 120 120   
frame_48.jpg  18 230 396 120 120   506 398 120 120   640 528 120 120   372 856 120 120   258 1294 120 120   128 1060 120 120   124 850 120 120   584 764 120 120   596 1164 120 120   574 1318 120 120   736 850 120 120   784 1078 120 120   748 1300 120 120   966 838 120 120   1056 798 120 120   944 510 120 120   802 334 120 120   320 498 120 120   
frame_49.jpg  17 370 850 120 120   316 848 120 120   218 784 120 120   142 728 120 120   252 548 120 120   470 254 120 120   522 382 120 120   644 684 120 120   648 896 120 120   494 1208 120 120   790 524 120 120   750 1302 120 120   670 1236 120 120   112 1182 120 120   976 1056 120 120   1058 798 120 120   942 510 120 120   
frame_50.jpg  9 480 1132 120 120   208 390 120 120   364 856 120 120   322 850 120 120   226 990 120 120   644 892 120 120   748 1306 120 120   772 1068 120 120   904 1206 120 120   
frame_51.jpg  13 274 1184 120 120   568 1314 120 120   744 1300 120 120   650 892 120 120   372 854 120 120   310 846 120 120   208 796 120 120   130 694 120 120   122 862 120 120   174 928 120 120   228 988 120 120   570 420 120 120   218 400 120 120   
