frame_1.jpg 26 616 468   894 494   1060 424   460 1224   540 1044   720 630   1010 1228   952 914   268 418   170 772   230 1264   292 1264   670 1434   474 724   484 360   378 410   188 176   692 192   998 646   766 1030   1050 1054   1068 282   1088 110   902 344   854 226   402 118   
frame_2.jpg 16 458 1228   394 944   592 586   776 916   890 952   358 740   1010 416   906 618   700 160   176 474   512 358   568 1018   128 1198   1018 1222   1012 204   194 182   
frame_3.jpg 29 474 624   518 1042   570 1028   448 918   836 506   666 436   528 428   390 432   104 1192   624 1192   450 1208   970 838   894 806   732 730   938 624   870 610   988 418   1064 412   1034 300   610 314   538 302   1030 668   1084 676   1140 694   670 1434   198 182   1010 1220   1058 850   928 1146   
frame_4.jpg 23 446 922   476 1232   632 1200   792 1104   874 1010   432 502   612 470   502 338   554 306   612 316   58 890   926 688   1014 814   1004 954   1120 930   1110 1118   892 1140   952 1158   686 168   602 186   534 150   1090 560   570 720   
frame_5.jpg 32 422 454   540 434   634 752   450 928   402 940   354 886   536 1040   482 1080   370 1046   388 1176   342 1222   232 1230   182 1230   116 1206   512 1194   464 1218   628 1208   606 310   546 314   582 560   508 570   792 642   734 632   732 258   696 164   538 140   1008 812   1020 948   904 1128   1072 398   1028 530   882 1002   
frame_6.jpg 31 402 918   460 922   266 836   298 1156   624 1204   890 1132   880 990   544 442   370 336   564 312   618 310   598 202   680 188   676 422   708 746   274 486   330 444   198 184   178 1244   828 1368   890 866   946 860   1016 806   1076 814   928 578   1072 614   1068 398   1004 324   412 680   440 772   510 808   
frame_7.jpg 28 482 886   768 838   710 744   456 596   438 476   394 394   342 384   152 804   892 870   844 1008   616 1186   664 1228   504 1186   346 1234   834 1324   568 1024   508 1018   564 390   672 330   546 140   710 176   890 356   1110 642   990 776   1014 306   1116 364   854 222   276 974   
frame_8.jpg 20 510 1038   714 740   532 544   340 936   392 882   246 762   544 766   1030 870   626 1190   524 1194   476 1224   444 1386   242 1130   466 202   736 162   780 162   736 334   674 336   1012 306   922 206   
frame_9.jpg 17 474 888   504 410   582 394   348 440   412 452   174 862   112 862   862 536   946 296   942 126   878 884   608 1186   854 1072   1026 962   1060 862   944 780   1102 640   
frame_10.jpg 21 706 770   470 882   610 1170   474 1076   308 1068   172 1060   112 1072   734 1278   864 1018   574 390   418 470   178 498   958 806   1052 508   858 540   558 548   166 858   576 1448   950 1244   886 1230   856 1158   
frame_11.jpg 18 294 1062   246 1078   482 1066   522 1048   598 1300   578 1182   616 550   578 396   538 398   728 640   862 536   810 560   788 216   304 492   786 1074   946 1086   888 1246   1108 1156   
frame_12.jpg 25 516 904   648 650   730 646   798 654   860 688   696 788   758 792   730 1038   606 1026   544 1026   524 1218   468 1218   460 1362   834 1022   876 874   870 292   922 230   984 302   968 454   452 500   390 500   218 248   970 572   1002 866   1026 1052   
frame_13.jpg 21 512 900   718 642   602 1018   538 1024   522 1212   456 1222   872 1140   876 868   864 688   812 652   456 508   390 494   572 400   650 344   972 568   1074 662   924 244   870 318   730 1268   1004 862   222 254   
frame_14.jpg 22 726 646   796 650   468 884   604 932   778 882   872 878   936 856   430 518   516 1206   468 1212   872 1144   722 1268   794 492   210 498   204 1306   1062 1144   208 266   146 1082   172 996   284 1056   400 1094   362 854   
frame_15.jpg 20 416 1192   466 1224   516 1206   574 1174   606 1160   478 880   312 842   586 204   666 182   752 224   802 790   852 794   326 624   712 1426   882 476   204 272   1076 874   180 1328   158 1094   166 784   
frame_16.jpg 24 436 780   726 648   660 646   606 656   842 1024   702 786   596 1156   316 1204   192 1330   206 260   828 446   894 446   950 454   476 888   370 860   316 856   522 238   588 216   672 188   376 662   314 632   748 1270   696 1446   880 886   
frame_17.jpg 14 618 654   674 630   726 642   466 884   492 1198   840 1018   142 1098   162 788   732 1280   186 1340   976 736   814 446   886 430   922 210   
frame_18.jpg 30 718 652   252 1092   142 1100   326 1012   360 1098   426 1200   376 1256   306 1218   234 1256   492 1206   590 1170   614 1046   856 1022   942 1036   992 1014   812 1256   714 1274   334 1396   448 790   554 758   424 532   126 458   922 454   580 398   668 184   526 200   566 216   390 206   204 260   980 758   
frame_19.jpg 14 728 642   440 768   510 1194   626 1438   212 1352   206 264   1030 484   758 1186   734 1280   908 812   416 536   352 500   654 180   650 336   
frame_20.jpg 26 726 646   774 638   604 652   498 670   370 864   486 830   966 818   904 814   976 998   462 1170   500 1196   864 376   934 224   652 342   1058 552   418 534   350 502   308 468   684 1222   206 1354   322 1390   116 1034   202 282   174 574   208 708   654 178   
frame_21.jpg 21 768 640   730 646   620 658   618 810   498 1194   776 1010   260 1076   282 1220   234 1258   340 1248   938 1246   984 1278   734 1278   386 760   416 530   352 486   314 488   206 270   660 176   790 396   1078 904   
frame_22.jpg 29 224 258   414 538   398 780   678 940   824 906   722 772   726 642   774 646   498 1204   160 1104   244 1082   746 1260   974 1144   150 726   210 1362   956 1378   1116 1344   338 1240   284 1200   330 624   602 490   728 428   656 348   656 178   540 162   174 366   940 484   960 720   1024 242   
frame_23.jpg 14 734 652   484 896   742 1098   218 274   828 398   400 764   490 1200   752 1272   1030 466   346 1234   568 1310   506 782   1000 1004   578 140   
frame_24.jpg 14 724 650   744 1262   492 1202   584 1006   398 770   508 778   342 1226   578 130   812 400   990 1008   774 1002   206 270   818 574   592 1168   
frame_25.jpg 21 728 650   584 932   894 846   930 1112   502 1202   516 416   606 470   1032 494   862 380   794 388   484 886   310 1354   646 1484   738 1274   110 866   324 438   244 1150   638 1042   208 264   828 546   914 558   
frame_26.jpg 15 484 880   732 644   774 642   512 1066   268 1210   342 1222   186 746   212 270   518 410   606 452   980 832   678 1202   630 1352   976 472   1034 482   
frame_27.jpg 33 486 884   750 786   668 620   614 642   504 1200   600 1168   646 1212   692 1228   748 1272   762 1472   700 1490   664 1500   264 1050   218 1048   288 1168   402 1160   320 1332   388 1384   316 680   196 752   1006 752   986 898   1100 918   880 396   210 276   850 536   596 934   772 1006   316 382   530 396   864 854   322 848   372 854   
frame_28.jpg 31 670 624   734 648   716 790   392 1108   280 760   416 706   472 588   504 1198   396 1374   664 1488   714 1480   492 882   768 1022   838 556   986 614   268 372   1046 920   846 832   916 830   240 1060   296 1284   596 354   884 382   400 318   474 336   366 516   878 1116   936 1118   536 508   176 130   906 242   
frame_29.jpg 18 488 898   500 1214   850 1258   742 1284   1026 926   1082 954   186 840   948 490   846 566   594 382   450 594   232 1180   208 142   574 520   324 1110   596 1168   854 862   430 86   
frame_30.jpg 20 600 1172   1022 918   572 520   184 848   126 856   244 878   326 1104   230 1172   336 1346   748 1286   496 898   720 790   762 650   922 664   978 702   852 1248   214 136   422 86   590 374   654 364   
frame_31.jpg 24 494 664   536 586   734 648   670 608   514 1008   632 1056   692 1006   622 936   492 1212   748 1290   844 870   842 1034   520 398   194 580   1030 812   274 418   320 596   314 854   366 856   908 240   690 792   1022 930   850 562   512 1420   
frame_32.jpg 20 788 750   718 770   164 854   102 862   312 848   270 852   224 588   446 586   1076 968   912 842   854 848   774 910   692 1258   752 1282   750 1478   842 554   904 572   520 428   908 242   548 846   
frame_33.jpg 6 316 844   770 892   568 746   528 414   384 1210   734 1290   
frame_34.jpg 13 550 736   650 902   580 1158   744 1288   520 416   238 696   154 898   1024 942   336 508   136 256   812 882   854 560   444 600   
frame_35.jpg 14 538 706   792 868   580 1172   258 1196   332 494   142 750   736 1288   856 548   522 414   164 296   318 858   206 882   494 1418   592 1448   
frame_36.jpg 18 568 764   268 1200   682 1256   740 1290   638 902   196 898   364 754   522 416   940 512   318 312   174 574   808 740   292 1022   142 748   486 1412   598 1440   436 590   578 1162   
frame_37.jpg 22 268 1202   734 1284   618 1248   684 1260   606 1452   610 814   566 756   364 750   200 680   166 574   248 392   522 426   740 796   812 734   292 1024   186 900   108 862   268 878   320 850   372 854   1112 1106   150 1386   
frame_38.jpg 8 368 848   286 658   226 666   274 1196   568 1312   554 1084   644 900   752 1294   
frame_39.jpg 17 188 898   254 878   308 854   652 910   520 434   288 1212   324 1298   128 1038   704 1082   588 1034   754 1302   908 1204   1014 1094   800 1454   246 400   134 742   576 568   
frame_40.jpg 21 620 648   600 758   608 966   650 886   296 1190   694 1288   754 1306   848 474   352 636   264 612   216 796   146 856   310 864   196 1242   128 1226   508 1204   902 1338   982 1232   526 414   610 374   234 424   
frame_41.jpg 18 368 852   656 888   624 656   528 670   358 626   264 620   528 422   694 1296   758 1308   508 1418   294 1188   90 1124   802 1428   508 1202   602 1162   854 474   1058 838   988 1246   
frame_42.jpg 17 590 972   658 894   690 1254   754 1310   576 1310   492 1418   306 1178   256 1110   154 1084   216 798   232 406   648 606   1058 804   700 416   606 390   784 352   362 862   
frame_43.jpg 13 600 980   662 888   504 1198   608 1156   790 514   364 856   516 1420   168 1340   752 1304   1042 1122   1060 790   236 410   336 76   
frame_44.jpg 13 358 690   500 1204   566 1096   806 1448   284 1510   364 856   598 766   656 888   848 1090   758 1304   236 422   780 522   944 520   
frame_45.jpg 24 596 1158   560 1094   498 1200   444 1206   578 1306   498 1414   386 1338   324 1308   182 1210   132 1226   118 1072   170 1074   194 910   102 836   366 856   306 856   646 892   584 896   912 1048   848 1052   746 1302   530 408   260 552   940 510   
frame_46.jpg 16 588 770   638 752   702 684   748 646   812 630   318 1304   498 1194   430 1220   276 546   808 888   650 912   704 1226   236 1464   896 1042   942 516   1062 786   
frame_47.jpg 6 204 138   242 362   498 284   558 142   620 128   804 350   
frame_48.jpg 18 230 396   506 398   640 528   372 856   258 1294   128 1060   124 850   584 764   596 1164   574 1318   736 850   784 1078   748 1300   966 838   1056 798   944 510   802 334   320 498   
frame_49.jpg 17 370 850   316 848   218 784   142 728   252 548   470 254   522 382   644 684   648 896   494 1208   790 524   750 1302   670 1236   112 1182   976 1056   1058 798   942 510   
frame_50.jpg 9 480 1132   208 390   364 856   322 850   226 990   644 892   748 1306   772 1068   904 1206   
frame_51.jpg 13 274 1184   568 1314   744 1300   650 892   372 854   310 846   208 796   130 694   122 862   174 928   228 988   570 420   218 400   
